p;0;14;8.0;7;12.0;5;8.0;10;14.0;
p;1;14;8.0;8;7.0;4;6.0;6;5.0;11;12.0;
p;2;14;8.0;7;13.0;3;11.0;10;27.0;
p;3;14;8.0;2;11.0;7;10.0;10;24.0;
p;4;13;14.0;1;6.0;6;3.0;9;2.0;12;30.0;
p;5;14;8.0;7;9.0;0;8.0;10;22.0;
p;6;14;8.0;1;5.0;8;4.0;4;3.0;9;1.0;12;20.0;
p;7;14;8.0;2;13.0;0;12.0;3;10.0;5;9.0;10;37.0;
p;8;14;8.0;1;7.0;6;4.0;11;17.0;
p;9;13;14.0;4;2.0;6;1.0;12;10.0;
c;10;15;8.0;2;27.0;7;37.0;0;14.0;3;24.0;5;22.0;
c;11;14;8.0;8;17.0;1;12.0;
c;12;14;8.0;13;8.0;4;30.0;6;20.0;9;10.0;
d;13;12;8.0;4;14.0;9;14.0;
d;14;2;8.0;7;8.0;0;8.0;3;8.0;5;8.0;8;8.0;1;8.0;6;8.0;11;8.0;12;8.0;
d;15;10;8.0;
